total_points,temperature_f,wind_mph,humidity_pct
34.6,67.5,17.1,58.1
53.6,43.3,15.6,15.6
38.9,75.5,8.4,58.3
53.0,78.9,2.7,79.3
46.7,26.9,12.2,56.4
67.9,38.6,1.1,57.7
63.6,64.3,2.7,40.4
51.7,56.3,5.3,52.2
67.7,61.7,1.2,49.7
52.3,46.6,3.7,42.0
56.8,77.8,9.5,47.7
50.1,76.0,3.2,55.7
57.8,63.2,9.8,34.7
32.4,82.3,22.1,29.2
48.6,70.4,7.3,24.4
49.1,46.5,9.7,58.0
48.5,68.6,12.5,57.1
52.7,44.7,4.0,53.9
53.1,77.8,9.5,63.8
52.8,61.1,3.9,58.6
56.8,58.7,7.0,57.4
52.2,49.7,10.5,59.1
59.2,84.0,2.8,50.1
58.0,59.2,0.5,46.0
55.7,54.3,2.6,100.0
52.9,55.7,11.5,36.8
72.5,71.6,2.3,35.9
53.9,68.6,11.1,60.0
64.4,69.4,2.6,55.5
76.3,69.8,4.7,26.8
58.3,100.0,5.5,70.1
60.9,54.7,2.3,52.7
61.0,52.8,4.8,29.3
51.0,47.4,1.3,75.1
53.5,73.1,4.3,65.0
54.7,82.3,5.2,26.1
62.3,59.9,0.5,84.6
55.4,46.9,2.6,64.3
54.5,47.2,6.8,46.4
64.4,73.7,2.1,81.1
57.9,75.4,7.6,53.6
51.4,71.8,8.2,48.4
50.2,50.0,6.8,38.2
57.1,66.2,9.4,59.8
64.0,64.1,1.2,60.9
39.6,65.9,10.8,50.9
58.2,77.7,2.4,43.7
55.6,66.0,6.0,52.3
46.7,74.2,16.7,45.2
63.4,63.2,4.2,27.8
58.3,67.2,5.6,26.2
61.8,73.4,2.4,68.4
48.5,35.8,16.6,10.0
53.8,56.2,2.6,51.8
50.6,53.5,8.7,42.6
99.2,50.5,12.4,74.8
51.6,57.0,9.2,39.9
41.6,88.9,7.1,65.6
52.3,46.4,5.9,42.2
60.8,79.4,1.8,51.5
44.2,31.7,16.1,59.0
53.0,56.0,6.7,37.4
56.9,64.9,5.6,68.8
53.7,72.6,2.2,39.6
45.3,74.8,5.9,51.1
52.8,76.3,5.4,64.5
47.9,55.7,16.7,53.8
62.7,53.7,5.6,85.9
60.8,77.4,5.8,36.7
50.7,58.6,2.2,33.0
55.7,39.0,3.1,38.1
53.1,41.6,8.0,63.6
58.9,45.4,1.0,63.8
52.3,70.9,10.8,51.6
45.1,64.6,10.9,25.6
58.2,74.4,2.8,69.7
57.3,54.3,7.1,25.3
50.9,64.9,12.7,70.7
48.3,73.3,5.1,100.0
53.5,56.4,4.4,59.6
39.3,70.2,4.8,62.1
50.3,50.1,6.7,43.3
56.2,55.5,3.4,11.8
50.7,55.1,4.1,42.6
55.5,40.5,6.8,30.9
58.5,70.8,3.9,26.5
42.5,53.6,2.1,86.9
61.0,62.2,0.9,59.1
49.3,70.7,5.7,55.0
50.9,70.0,12.2,41.7
45.7,74.0,7.4,47.7
57.6,60.2,2.1,71.4
55.5,54.4,3.0,53.1
57.3,60.6,4.4,65.1
47.2,31.6,17.0,38.0
44.0,36.0,17.6,38.8
38.0,38.2,16.3,23.8
47.5,44.0,6.2,10.5
29.8,69.2,25.0,35.8
56.5,45.7,3.2,52.4
53.9,55.2,4.2,28.2
53.5,85.4,10.2,45.5
51.9,55.6,6.8,51.4
49.8,75.3,7.1,17.5
56.7,45.2,2.5,33.3
56.2,58.3,5.4,55.6
58.2,44.9,3.2,56.1
70.8,55.9,1.7,38.4
53.9,77.1,3.5,54.3
51.6,30.9,6.8,69.2
53.0,69.8,9.1,62.3
60.5,66.3,0.9,49.9
52.2,51.3,5.5,42.5
45.4,36.0,5.2,47.9
50.1,63.3,6.6,63.7
51.4,52.5,2.2,54.7
47.7,66.2,2.2,66.9
43.0,62.4,12.4,47.4
53.0,90.8,2.8,62.7
59.6,57.7,4.1,57.3
57.9,43.6,4.4,70.0
51.1,65.2,3.3,71.9
52.1,66.0,7.8,34.4
44.2,86.5,7.4,17.5
34.7,77.0,5.0,82.0
59.7,68.4,3.4,58.7
63.9,88.3,4.7,20.1
50.8,40.6,5.9,33.8
62.4,50.5,3.0,67.4
43.2,45.3,8.2,48.3
43.1,55.0,10.7,35.8
50.6,37.2,13.8,73.9
57.3,73.4,13.3,29.2
59.7,58.0,4.4,40.2
53.1,35.5,6.1,57.8
41.5,43.7,4.9,57.0
43.5,67.6,4.9,56.1
56.5,77.1,4.7,67.0
53.6,97.9,5.6,57.9
39.7,100.0,11.9,55.1
54.4,69.5,7.0,44.1
40.1,44.2,2.1,49.4
56.1,23.6,10.4,56.0
54.6,66.8,6.5,57.4
58.9,47.4,7.9,66.5
52.8,54.5,6.9,63.8
52.4,51.0,7.1,53.3
60.4,59.5,7.3,35.3
55.5,81.2,1.1,55.1
69.7,64.8,7.8,48.5
58.9,59.1,3.2,64.5
55.6,43.4,3.8,94.1
57.8,31.9,5.6,40.8
56.3,53.2,15.2,54.9
62.1,61.0,2.4,69.8
46.2,93.8,5.5,58.0
62.1,64.3,4.6,92.3
47.8,79.7,10.3,43.5
55.8,53.0,4.5,61.3
46.6,40.7,6.6,37.8
60.6,44.6,2.4,47.5
45.1,48.9,11.5,52.6
62.0,100.0,1.6,69.1
50.7,47.2,7.7,54.4
86.1,77.1,6.6,72.4
64.7,45.7,7.3,53.4
61.2,78.8,1.6,47.7
54.3,68.9,4.4,95.0
47.8,59.2,10.0,54.6
50.6,61.3,16.6,35.4
53.6,50.2,5.2,41.4
49.3,70.0,9.4,34.1
59.1,53.8,6.2,67.4
51.5,39.9,5.4,46.9
55.2,39.0,4.1,52.9
45.7,65.1,5.6,49.7
54.7,90.4,8.8,65.8
63.4,64.9,9.3,36.8
64.4,59.9,1.9,31.5
65.9,67.1,3.8,54.2
54.4,85.5,2.3,64.8
55.6,65.9,5.8,62.7
51.5,54.6,4.3,32.1
51.5,81.9,7.1,63.8
58.8,69.7,7.5,33.0
64.2,89.6,0.6,43.4
47.7,65.3,5.6,33.6
39.9,40.0,12.0,70.0
46.7,37.4,3.8,62.5
60.9,91.7,3.7,63.7
59.8,93.0,10.7,69.4
56.5,58.8,9.6,89.9
48.1,55.1,2.5,25.1
60.4,88.3,9.0,38.6
62.6,42.1,3.0,44.6
48.0,45.9,3.7,32.9
58.3,73.6,2.5,35.0
65.1,54.9,1.9,50.5
59.3,61.9,6.1,26.4
50.7,59.1,1.6,60.1
58.1,68.1,6.2,51.8
41.5,87.3,6.1,65.5
39.6,63.6,5.0,66.9
63.8,73.6,3.9,58.5
55.2,25.1,3.4,53.7
53.3,61.1,2.3,89.1
36.2,46.8,13.9,53.8
62.6,40.1,4.8,21.5
64.4,46.2,4.7,31.1
64.7,56.0,2.6,23.6
52.8,78.5,12.9,47.2
60.2,38.1,3.5,52.4
55.9,62.6,6.7,43.3
51.0,53.3,7.6,90.2
52.3,56.1,6.1,61.5
52.6,80.0,1.6,66.6
46.7,71.7,8.7,36.3
57.9,86.1,3.5,36.7
52.1,59.2,9.5,52.1
63.4,49.5,5.3,52.9
54.5,58.0,7.9,13.7
53.9,66.4,12.4,42.6
58.5,65.2,8.5,48.3
51.1,42.5,8.0,48.7
55.6,63.6,9.0,37.9
57.2,66.1,2.9,43.1
57.7,100.0,9.8,50.2
61.1,95.8,4.6,58.0
47.4,46.6,4.7,63.8
54.4,56.8,5.9,68.4
65.0,35.7,4.2,51.9
57.0,51.4,2.4,45.1
57.3,67.7,5.6,59.9
59.6,83.7,4.7,62.2
49.9,48.9,4.6,41.8
57.4,50.2,5.2,61.7
47.1,23.3,0.7,74.1
50.9,59.1,4.6,73.1
51.9,42.9,13.4,88.2
51.2,52.5,12.7,28.5
52.7,46.2,5.8,48.0
57.5,60.3,5.6,53.4
56.9,30.4,0.5,57.5
56.3,35.6,3.7,41.3
56.6,100.0,8.9,24.6
51.2,38.8,4.2,48.6
51.1,42.3,11.0,32.6
47.1,95.1,10.5,47.0
50.9,100.0,3.6,32.9
49.6,40.9,6.1,31.9
56.0,55.4,14.1,44.0
62.1,68.1,1.6,52.8
49.5,93.1,4.2,61.3
46.5,44.2,1.4,91.0
56.6,57.6,2.8,59.5
50.6,76.0,16.7,54.6
56.7,69.8,4.2,35.7
68.5,55.2,0.9,33.6
58.4,59.6,2.4,85.5
61.3,37.3,1.3,37.6
47.3,57.7,6.2,33.4
58.5,57.2,7.5,51.3
48.4,66.2,9.9,47.9
58.0,52.0,8.6,32.4
55.3,70.5,1.6,47.5
53.4,80.2,7.2,70.3
58.6,64.8,5.0,38.7
78.6,68.3,10.8,23.1
52.6,63.0,9.3,64.4
39.7,62.0,18.1,51.0
54.3,49.0,2.6,38.6
70.1,67.7,2.3,28.1
63.8,60.2,3.8,39.5
67.9,99.7,5.2,48.3
61.2,90.3,3.3,76.4
55.3,68.9,2.7,33.0
46.6,48.3,6.9,45.1
61.1,42.0,3.8,67.9
51.3,83.4,3.2,10.0
64.1,66.7,1.6,71.4
60.9,70.6,0.5,33.5
47.1,30.6,13.0,56.6
48.7,78.7,12.7,51.9
53.3,70.2,9.5,65.2
46.7,42.0,8.0,61.7
63.5,53.5,3.6,10.0
53.4,66.7,8.3,41.6
50.1,62.9,2.1,56.2
54.0,56.7,6.0,41.2
65.4,60.1,2.9,62.9
61.0,57.5,8.3,70.1
48.5,64.7,14.7,61.9
53.0,88.5,2.4,55.2
59.5,15.8,3.7,16.5
60.0,57.7,5.9,46.0
64.2,65.2,1.0,59.7
65.8,67.3,1.3,35.2
47.9,55.3,14.4,53.9
51.7,30.4,6.9,65.3
54.0,67.9,3.4,53.2
47.3,93.1,5.4,10.0
58.6,34.4,3.8,32.1
54.0,77.5,6.0,86.2
60.6,56.1,4.0,38.7
49.6,60.9,5.1,15.3
54.4,43.0,8.8,69.7
64.2,56.0,8.4,52.8
43.7,85.4,13.9,70.1
52.5,72.5,7.3,58.8
57.4,93.2,5.7,57.6
55.4,83.2,15.2,44.2
49.6,69.9,4.8,59.4
61.7,93.4,0.6,99.9
44.9,69.9,9.5,65.6
52.7,76.9,6.7,20.3
53.8,56.7,5.5,64.7
57.2,63.2,9.7,73.5
65.5,49.4,4.0,74.3
65.1,79.8,0.6,46.1
47.4,40.8,9.8,69.7
72.2,76.1,3.3,70.4
52.7,58.6,2.5,100.0
59.4,83.1,0.7,42.4
40.7,75.5,9.3,42.5
72.2,94.8,0.3,52.8
53.8,75.2,12.3,35.3
70.3,33.7,4.3,38.7
44.8,60.8,9.6,10.0
62.5,40.9,7.4,35.2
44.3,52.7,17.0,45.1
59.1,89.2,7.3,38.7
35.6,73.5,12.0,84.2
65.1,49.4,3.6,53.4
61.3,43.8,1.3,78.0
48.8,62.6,10.6,59.2
60.9,40.1,1.3,65.3
46.4,49.9,9.2,54.4
53.9,67.6,2.2,79.2
51.4,82.8,6.8,49.7
29.9,73.0,17.2,53.7
56.9,20.8,8.8,51.5
63.3,67.5,4.8,51.2
48.4,63.3,7.5,55.7
56.7,69.5,3.7,99.1
32.4,91.1,21.4,37.2
56.6,24.9,3.1,63.8
49.9,51.4,5.2,74.4
45.7,72.6,8.2,70.5
59.3,33.5,7.2,49.2
54.9,88.6,7.7,10.0
68.8,68.6,3.8,63.0
59.5,77.2,4.6,10.0
43.2,51.7,10.3,74.9
57.4,76.6,9.9,50.3
55.7,81.2,7.3,75.5
52.3,66.2,13.0,30.7
58.2,66.2,10.5,25.4
46.4,66.9,9.7,53.3
57.5,46.5,1.3,54.4
53.0,59.3,7.2,37.8
46.4,59.3,6.4,51.4
41.2,68.9,14.1,92.2
63.2,80.0,5.0,71.8
54.3,42.9,6.0,71.0
49.1,59.7,2.2,73.0
48.9,88.7,2.6,82.0
56.8,48.6,14.1,48.0
54.3,47.2,7.7,13.2
38.2,65.6,17.2,48.4
53.9,77.2,4.9,65.2
51.6,62.2,1.6,34.3
66.4,85.9,4.4,45.6
55.7,77.4,3.8,47.3
57.7,77.2,9.0,79.1
51.2,72.0,8.7,62.3
60.3,100.0,8.0,65.7
40.4,58.3,20.6,55.9
54.3,25.9,12.5,52.7
64.3,90.9,2.8,52.2
54.8,53.8,10.8,26.4
59.4,63.9,5.7,10.8
55.6,85.6,4.8,48.9
59.3,33.2,13.5,55.9
49.9,39.5,2.6,74.4
48.9,33.2,10.3,79.3
49.2,47.7,9.2,84.8
62.3,69.9,2.6,34.4
58.3,71.4,1.2,46.7
56.9,67.0,5.3,60.8
45.8,36.6,11.6,96.0
41.7,20.4,7.2,75.6
45.2,63.0,13.8,65.0
47.1,53.5,6.9,47.1
35.5,70.3,14.4,31.6
58.3,74.6,3.5,61.0
56.8,64.5,8.0,26.7
60.4,75.7,4.1,52.7
59.1,66.1,5.1,51.1
41.7,71.5,6.0,77.8
45.4,49.3,7.2,43.8
71.8,58.8,3.1,10.0
45.8,65.5,7.7,61.7
59.9,76.8,5.8,34.9
54.5,54.9,1.7,52.2
61.2,71.4,1.0,53.6
45.3,57.2,11.6,42.8
58.0,59.9,5.0,68.0
63.2,76.9,1.5,22.8
45.1,26.1,15.9,37.2
44.9,38.7,8.2,65.6
55.2,35.3,7.1,41.2
49.5,20.0,2.9,24.7
60.0,49.8,1.6,65.8
69.2,75.5,6.4,68.9
63.1,56.9,5.5,50.7
65.0,65.6,2.3,22.1
58.8,81.6,2.2,66.0
50.8,85.9,2.1,21.2
50.5,60.8,2.0,57.9
67.4,86.4,3.4,37.6
50.0,63.7,7.1,28.8
48.7,46.9,7.9,43.8
53.9,51.3,5.4,50.0
47.9,35.4,6.2,42.4
44.0,46.0,8.2,65.0
59.5,55.6,0.8,49.5
48.1,76.5,6.5,65.9
41.0,93.0,12.9,49.6
50.8,37.1,4.9,39.3
52.9,69.1,11.3,31.3
55.5,43.3,4.9,19.0
50.5,70.5,8.5,53.8
57.5,59.6,7.0,43.0
58.0,29.0,2.1,10.0
58.4,78.7,2.5,42.9
50.0,51.1,14.4,33.7
53.0,52.4,9.8,78.1
55.2,42.7,5.2,28.7
57.4,50.2,4.7,26.8
52.5,69.7,2.9,72.4
46.4,58.6,7.4,75.0
63.3,67.9,3.1,40.5
60.0,68.5,4.2,42.4
60.4,85.8,3.4,70.3
55.1,55.8,9.4,10.0
56.7,35.4,5.0,21.1
59.3,81.2,6.2,46.9
62.5,56.0,2.1,76.9
64.3,82.1,3.4,47.4
53.5,68.9,6.3,56.8
66.6,59.6,1.3,72.1
55.2,68.3,4.7,90.0
60.9,97.1,5.5,36.1
63.8,99.4,1.9,49.8
48.6,63.2,11.0,84.4
50.7,64.9,7.1,21.9
59.7,81.4,5.0,67.2
74.7,46.8,3.2,35.4
57.8,68.0,1.2,54.5
50.7,61.5,10.4,43.0
59.6,67.7,3.9,37.6
56.4,47.0,1.6,32.9
64.9,33.4,3.1,55.4
47.3,24.7,7.7,68.8
50.6,41.9,6.6,51.6
48.1,53.7,2.3,58.6
43.7,56.7,11.6,56.3
52.7,96.9,1.6,39.4
48.9,81.9,13.2,58.0
69.3,44.7,6.4,71.4
52.1,68.3,4.2,94.1
45.8,54.7,4.6,49.4
60.5,56.9,5.9,41.2
45.4,65.3,8.1,70.0
67.6,73.1,1.0,70.9
56.4,55.9,3.0,40.5
52.1,81.1,5.8,42.7
47.4,41.4,11.9,59.9
53.8,62.1,11.6,36.3
41.1,100.0,15.0,38.4
45.7,66.0,11.3,50.0
57.2,87.8,2.8,73.5
48.1,63.6,5.5,41.2
53.1,72.5,11.3,11.2
41.2,61.0,10.6,11.7
54.3,58.9,4.8,30.2
58.2,48.0,7.9,30.3
58.9,69.7,3.9,54.7
62.8,46.7,1.4,35.1
56.3,74.0,5.1,40.1
64.2,81.5,4.9,40.4
63.4,68.6,3.8,42.8
53.6,56.8,8.1,73.5
61.3,70.2,4.7,61.6
57.8,56.4,7.3,47.1
48.7,78.8,9.3,42.1
35.3,29.0,22.2,34.4
57.2,56.0,5.2,59.8
52.3,26.2,12.0,59.9
60.9,35.1,6.6,35.4
48.3,86.5,6.8,53.2
52.7,78.1,5.2,15.2
56.5,49.0,6.2,56.3
53.6,35.0,4.7,63.7
40.0,8.6,10.7,44.6
57.2,52.2,3.1,87.8
52.5,100.0,1.4,36.3
51.5,69.8,3.7,56.9
65.0,51.9,3.4,50.5
68.6,70.4,3.7,49.4
47.5,33.9,5.0,46.5
54.4,56.6,3.7,58.5
54.8,63.8,5.0,70.5
66.0,60.5,3.7,79.2
48.7,76.2,7.5,56.4
32.8,68.2,22.1,55.9
91.0,74.0,6.5,47.6
53.2,49.6,3.8,65.8
67.1,78.2,0.5,41.8
29.1,91.3,17.6,62.9
50.0,44.5,6.7,91.9
45.0,46.0,5.0,52.3
58.7,86.0,0.5,14.9
60.6,58.6,5.1,47.4
53.4,87.3,6.1,74.2
54.0,54.0,3.7,63.5
56.6,88.2,1.7,55.7
56.9,64.4,1.6,73.4
42.9,66.6,17.8,52.7
60.0,90.2,6.0,71.5
40.0,55.5,3.7,67.0
47.2,45.1,5.8,87.0
55.4,53.9,5.5,57.4
58.6,70.1,1.5,66.0
53.6,33.8,10.2,41.2
58.5,73.5,4.9,41.1
50.4,52.3,6.1,83.7
41.1,82.7,14.1,52.1
53.2,18.9,1.8,70.5
63.7,47.8,3.0,53.5
49.2,31.6,7.0,41.3
50.3,47.1,10.1,46.5
57.2,66.5,3.4,76.9
65.8,58.8,3.6,60.1
52.1,57.4,8.6,15.5
44.9,59.1,21.0,41.7
60.1,65.7,5.9,85.6
56.3,43.8,3.0,52.3
60.1,74.7,2.3,21.3
51.9,73.9,5.0,88.4
48.4,68.9,9.8,56.1
37.5,72.0,25.0,41.3
58.2,67.3,4.4,46.2
55.9,98.6,5.9,72.8
38.0,60.4,15.9,36.8
46.6,56.5,6.9,68.6
66.3,48.4,6.5,56.4
46.2,43.4,14.0,48.9
49.0,39.6,6.0,55.7
65.8,46.0,2.5,52.4
48.9,60.7,12.2,62.4
64.6,68.0,1.3,35.7
50.4,62.9,10.9,17.1
52.0,48.2,5.6,61.6
55.5,78.2,4.5,59.6
48.4,75.3,4.4,56.8
54.7,59.1,5.0,56.9
58.2,50.2,4.0,47.1
63.4,71.9,7.6,61.1
57.3,65.4,4.1,51.4
40.5,35.9,5.6,46.0
60.5,60.8,0.8,45.0
69.5,66.7,5.6,87.4
62.8,45.8,3.9,24.5
44.5,65.4,10.4,56.5
60.3,35.8,4.6,20.3
46.1,86.1,9.4,50.9
44.0,84.5,8.7,41.1
51.5,57.5,8.8,15.5
56.2,68.5,4.7,60.5
42.7,18.6,5.8,43.6
48.1,41.2,7.5,14.2
10.2,56.7,6.0,67.5
51.0,42.7,4.6,81.1
59.8,74.9,2.7,78.6
48.4,98.0,5.6,58.2
61.9,40.8,1.4,54.8
50.1,46.9,0.7,80.6
67.2,66.2,2.2,80.9
39.8,91.0,8.8,73.2
47.8,40.0,6.6,35.5
54.1,66.5,8.8,49.4
68.8,94.8,3.2,64.6
53.6,32.3,11.1,22.5
60.0,38.9,1.6,65.5
55.4,54.4,2.2,98.9
42.8,52.6,10.9,60.2
50.4,76.6,6.3,72.8
44.4,66.3,8.9,47.4
45.6,30.1,6.6,50.5
59.7,71.3,3.6,57.9
52.3,51.6,2.0,36.4
64.9,84.9,1.0,36.9
35.0,50.7,16.8,69.6
59.2,50.5,1.2,74.6
44.0,71.7,13.7,27.6
62.0,75.7,6.0,73.3
56.1,70.1,6.8,46.1
60.3,31.7,6.5,59.9
47.4,71.7,8.1,57.0
55.7,43.4,3.0,72.8
53.3,66.2,0.6,59.4
51.5,36.4,3.5,80.5
50.8,70.0,7.7,58.7
52.6,47.5,2.2,61.4
34.3,38.9,11.2,36.6
45.4,74.8,5.1,88.2
44.5,66.3,2.1,63.0
46.9,50.9,6.2,64.9
58.5,88.1,7.6,23.0
43.7,54.1,8.0,36.4
39.9,62.6,10.9,68.2
70.4,66.8,1.5,55.2
47.8,50.8,11.0,16.6
49.0,70.5,11.6,67.3
62.3,52.4,2.0,47.5
60.3,54.6,2.4,78.8
42.2,86.5,9.2,43.7
10.0,43.3,4.1,59.1
38.8,18.6,12.8,67.5
58.2,91.0,15.1,30.8
53.2,100.0,2.1,34.0
51.0,54.7,2.9,54.6
46.6,27.1,6.0,63.7
52.3,56.4,0.6,29.7
69.3,56.8,1.0,24.7
71.7,58.6,2.6,65.0
41.5,42.0,18.5,34.1
46.3,72.4,6.7,48.8
46.6,71.4,3.3,18.1
55.7,35.1,2.4,42.5
58.4,74.6,2.0,45.4
54.4,98.9,3.5,69.5
59.7,65.1,3.4,38.2
56.4,55.9,4.7,79.6
55.1,59.4,7.8,41.2
54.7,73.1,5.2,38.6
43.0,30.8,9.5,76.4
60.2,65.0,4.4,55.0
45.8,55.0,15.8,29.8
